29 32
-16711936 -16711936 -16711936 -16711936 -16711936 -16711936 -16711936 -16711936 -16711936 -16711936 -16711936 -16711936 -16711936 -16711936 -16711936 0 -16711936 -16711936 -16711936 -16711936 -16711936 -16711936 -16711936 -16711936 -16711936 -16711936 -16711936 -16711936 -16711936 -16711936 -16711936 -16711936 
-16711936 0 0 0 0 0 0 0 0 0 0 -16711936 -16711936 -16711936 -16711936 0 -16711936 -16711936 -16711936 -16711936 -16711936 0 0 0 0 -16711936 -16711936 0 0 0 0 -16711936 
-16711936 0 -16711936 -16711936 -16711936 -16711936 0 -16711936 -16711936 -16711936 0 -16711936 -16711936 -16711936 -16711936 0 -16711936 -16711936 -16711936 -16711936 -16711936 0 -16711936 -16711936 0 -16711936 -16711936 0 -16711936 -16711936 0 -16711936 
-16711936 0 -16711936 -16711936 -16711936 -16711936 0 -16711936 -16711936 -16711936 0 -16711936 -16711936 -16711936 -16711936 0 -16711936 -16711936 -16711936 -16711936 -16711936 0 -16711936 -16711936 0 -16711936 -16711936 0 -16711936 -16711936 0 -16711936 
-16711936 0 -16711936 -16711936 -16711936 -16711936 0 -16711936 -16711936 -16711936 0 -16711936 -16711936 -16711936 -16711936 0 -16711936 -16711936 -16711936 -16711936 -16711936 0 -16711936 -16711936 0 0 0 0 -16711936 -16711936 0 -16711936 
-16711936 0 -16711936 -16711936 -16711936 -16711936 0 -16711936 -16711936 -16711936 0 -16711936 -16711936 -16711936 -16711936 0 -16711936 -16711936 -16711936 -16711936 -16711936 0 -16711936 -16711936 -16711936 -16711936 -16711936 0 -16711936 -16711936 0 -16711936 
-16711936 0 -16711936 -16711936 -16711936 -16711936 0 -16711936 -16711936 -16711936 0 -16711936 -16711936 -16711936 -16711936 0 -16711936 -16711936 -16711936 -16711936 -16711936 0 -16711936 -16711936 -16711936 -16711936 -16711936 0 -16711936 -16711936 0 -16711936 
-16711936 0 0 0 0 0 0 0 0 0 0 0 0 0 0 0 0 0 0 0 0 0 0 0 0 0 0 0 -16711936 -16711936 0 -16711936 
-16711936 0 -16711936 -16711936 -16711936 -16711936 0 -16711936 -16711936 -16711936 -16711936 -16711936 -16711936 -16711936 -16711936 0 -16711936 -16711936 -16711936 -16711936 -16711936 0 -16711936 -16711936 0 -16711936 -16711936 -16711936 -16711936 -16711936 0 -16711936 
-16711936 0 -16711936 -16711936 -16711936 -16711936 0 -16711936 -16711936 -16711936 -16711936 -16711936 -16711936 -16711936 -16711936 0 -16711936 -16711936 -16711936 -16711936 -16711936 0 -16711936 -16711936 0 -16711936 -16711936 -16711936 -16711936 -16711936 0 -16711936 
-16711936 0 -16711936 -16711936 -16711936 -16711936 0 0 0 0 -16711936 -16711936 0 0 0 0 0 0 0 0 0 0 -16711936 -16711936 0 0 0 0 -16711936 -16711936 0 -16711936 
-16711936 0 -16711936 -16711936 -16711936 -16711936 0 -16711936 -16711936 0 -16711936 -16711936 0 -16711936 -16711936 -16711936 -16711936 -16711936 0 -16711936 -16711936 0 -16711936 -16711936 0 -16711936 -16711936 0 -16711936 -16711936 0 -16711936 
-16711936 0 0 0 0 0 0 -16711936 -16711936 0 0 0 0 -16711936 0 0 0 -16711936 0 -16711936 -16711936 0 -16711936 -16711936 0 -16711936 -16711936 0 -16711936 -16711936 0 -16711936 
-16711936 -16711936 -16711936 -16711936 -16711936 -16711936 0 -16711936 -16711936 -16711936 -16711936 -16711936 0 -16711936 0 0 0 -16711936 0 -16711936 -16711936 0 0 0 0 -16711936 -16711936 0 0 0 0 -16711936 
-16711936 -16711936 -16711936 -16711936 -16711936 -16711936 0 -16711936 -16711936 -16711936 -16711936 -16711936 0 0 0 0 0 -16711936 0 -16711936 -16711936 -16711936 -16711936 -16711936 0 -16711936 -16711936 -16711936 -16711936 -16711936 0 -16711936 
-16711936 -16711936 -16711936 -16711936 -16711936 -16711936 0 -16711936 -16711936 -16711936 -16711936 -16711936 0 -16711936 0 0 0 -16711936 0 -16711936 -16711936 0 0 0 0 -16711936 -16711936 0 0 0 0 -16711936 
-16711936 0 0 0 0 0 0 -16711936 -16711936 0 0 0 0 -16711936 0 0 0 -16711936 0 -16711936 -16711936 0 -16711936 -16711936 0 -16711936 -16711936 0 -16711936 -16711936 0 -16711936 
-16711936 0 -16711936 -16711936 -16711936 -16711936 0 -16711936 -16711936 0 -16711936 -16711936 0 -16711936 -16711936 -16711936 -16711936 -16711936 0 -16711936 -16711936 0 -16711936 -16711936 0 -16711936 -16711936 0 -16711936 -16711936 0 -16711936 
-16711936 0 -16711936 -16711936 -16711936 -16711936 0 0 0 0 -16711936 -16711936 0 0 0 0 0 0 0 0 0 0 -16711936 -16711936 0 0 0 0 -16711936 -16711936 0 -16711936 
-16711936 0 -16711936 -16711936 -16711936 -16711936 0 -16711936 -16711936 -16711936 -16711936 -16711936 -16711936 -16711936 -16711936 0 -16711936 -16711936 -16711936 -16711936 -16711936 0 -16711936 -16711936 0 -16711936 -16711936 -16711936 -16711936 -16711936 0 -16711936 
-16711936 0 -16711936 -16711936 -16711936 -16711936 0 -16711936 -16711936 -16711936 -16711936 -16711936 -16711936 -16711936 -16711936 0 -16711936 -16711936 -16711936 -16711936 -16711936 0 -16711936 -16711936 0 -16711936 -16711936 -16711936 -16711936 -16711936 0 -16711936 
-16711936 0 0 0 0 0 0 0 0 0 0 0 0 0 0 0 0 0 0 0 0 0 0 0 0 0 0 0 -16711936 -16711936 0 -16711936 
-16711936 0 -16711936 -16711936 -16711936 -16711936 0 -16711936 -16711936 -16711936 0 -16711936 -16711936 -16711936 -16711936 0 -16711936 -16711936 -16711936 -16711936 -16711936 0 -16711936 -16711936 -16711936 -16711936 -16711936 0 -16711936 -16711936 0 -16711936 
-16711936 0 -16711936 -16711936 -16711936 -16711936 0 -16711936 -16711936 -16711936 0 -16711936 -16711936 -16711936 -16711936 0 -16711936 -16711936 -16711936 -16711936 -16711936 0 -16711936 -16711936 -16711936 -16711936 -16711936 0 -16711936 -16711936 0 -16711936 
-16711936 0 -16711936 -16711936 -16711936 -16711936 0 -16711936 -16711936 -16711936 0 -16711936 -16711936 -16711936 -16711936 0 -16711936 -16711936 -16711936 -16711936 -16711936 0 -16711936 -16711936 0 0 0 0 -16711936 -16711936 0 -16711936 
-16711936 0 -16711936 -16711936 -16711936 -16711936 0 -16711936 -16711936 -16711936 0 -16711936 -16711936 -16711936 -16711936 0 -16711936 -16711936 -16711936 -16711936 -16711936 0 -16711936 -16711936 0 -16711936 -16711936 0 -16711936 -16711936 0 -16711936 
-16711936 0 -16711936 -16711936 -16711936 -16711936 0 -16711936 -16711936 -16711936 0 -16711936 -16711936 -16711936 -16711936 0 -16711936 -16711936 -16711936 -16711936 -16711936 0 -16711936 -16711936 0 -16711936 -16711936 0 -16711936 -16711936 0 -16711936 
-16711936 0 0 0 0 0 0 0 0 0 0 -16711936 -16711936 -16711936 -16711936 0 -16711936 -16711936 -16711936 -16711936 -16711936 0 0 0 0 -16711936 -16711936 0 0 0 0 -16711936 
-16711936 -16711936 -16711936 -16711936 -16711936 -16711936 -16711936 -16711936 -16711936 -16711936 -16711936 -16711936 -16711936 -16711936 -16711936 0 -16711936 -16711936 -16711936 -16711936 -16711936 -16711936 -16711936 -16711936 -16711936 -16711936 -16711936 -16711936 -16711936 -16711936 -16711936 -16711936 
